trade_id,bar_index,date,action,execution_price,position_size,pnl,commission,net_pnl,equity_after,reason
1,77,2015-03-19,SHORT,255.880005,386.900102,0.000000,99.000000,-99.000000,99901.000000,Short Entry
2,167,2015-06-17,CLOSE_SHORT,250.822998,386.900102,1956.556461,97.043444,1859.513017,101760.513017,Reverse to Long
3,167,2015-06-17,LONG,250.822998,401.649405,0.000000,100.742908,-100.742908,101659.770109,Long Entry
4,220,2015-08-09,CLOSE_LONG,261.115997,401.649405,4134.177030,104.877085,4029.299945,105689.070054,Reverse to Short
5,220,2015-08-09,SHORT,261.115997,400.711486,0.000000,104.632179,-104.632179,105584.437875,Short Entry
6,258,2015-09-16,CLOSE_SHORT,230.250000,400.711486,12368.359657,92.263820,12276.095837,117860.533712,Reverse to Long
7,258,2015-09-16,LONG,230.250000,506.761904,0.000000,116.681928,-116.681928,117743.851784,Long Entry
8,360,2015-12-27,CLOSE_LONG,416.514008,506.761904,94391.503105,211.073431,94180.429674,211924.281457,Reverse to Short
9,360,2015-12-27,SHORT,416.514008,503.716645,0.000000,209.805039,-209.805039,211714.476419,Short Entry
10,371,2016-01-07,CLOSE_SHORT,452.447895,503.716645,-18100.497116,227.905536,-18328.402651,193386.073767,SL Short
11,380,2016-01-16,SHORT,365.072998,524.421730,0.000000,191.452213,-191.452213,193194.621554,Short Entry
12,384,2016-01-20,CLOSE_SHORT,411.203385,524.421730,-24191.777415,215.643990,-24407.421405,168787.200149,SL Short
13,452,2016-03-28,LONG,426.548004,391.748001,0.000000,167.099328,-167.099328,168620.100821,Long Entry
14,454,2016-03-30,CLOSE_LONG,416.834015,391.748001,-3805.435878,163.293892,-3968.729770,164651.371051,Reverse to Short
15,454,2016-03-30,SHORT,416.834015,391.054596,0.000000,163.004857,-163.004857,164488.366193,Short Entry
16,470,2016-04-15,CLOSE_SHORT,428.150982,391.054596,-4425.551955,167.430409,-4592.982364,159895.383830,SL Short
17,505,2016-05-20,SHORT,437.792999,361.578258,0.000000,158.296430,-158.296430,159737.087400,Short Entry
18,511,2016-05-26,CLOSE_SHORT,451.968492,361.578258,-5125.549983,163.421980,-5288.971963,154448.115437,SL Short
19,513,2016-05-28,LONG,473.028992,323.243685,0.000000,152.903634,-152.903634,154295.211803,Long Entry
20,578,2016-08-01,CLOSE_LONG,624.601990,323.243685,48995.014401,201.898649,48793.115752,203088.327555,Reverse to Short
21,578,2016-08-01,SHORT,624.601990,321.896900,0.000000,201.057444,-201.057444,202887.270111,Short Entry
22,612,2016-09-04,CLOSE_SHORT,598.590027,321.896900,8373.170219,192.684274,8180.485945,211067.756056,Reverse to Long
23,612,2016-09-04,LONG,598.590027,349.082125,0.000000,208.957078,-208.957078,210858.798978,Long Entry
24,673,2016-11-04,CLOSE_LONG,689.124023,349.082125,31603.799899,240.560878,31363.239021,242222.037998,Reverse to Short
25,673,2016-11-04,SHORT,689.124023,347.977736,0.000000,239.799818,-239.799818,241982.238181,Short Entry
26,678,2016-11-09,CLOSE_SHORT,731.460773,347.977736,-14732.246382,254.532064,-14986.778446,226995.459735,SL Short
27,686,2016-11-17,LONG,744.875977,301.695198,0.000000,224.725505,-224.725505,226770.734230,Long Entry
28,736,2017-01-06,CLOSE_LONG,1014.239990,301.695198,81265.829404,305.991335,80959.838069,307730.572299,Reverse to Short
29,736,2017-01-06,SHORT,1014.239990,300.375916,0.000000,304.653267,-304.653267,307425.919033,Short Entry
30,782,2017-02-21,CLOSE_SHORT,1090.424844,300.375916,-22884.095210,327.537362,-23211.632572,284214.286461,SL Short
31,808,2017-03-19,SHORT,976.729980,288.075670,0.000000,281.372144,-281.372144,283932.914317,Short Entry
32,823,2017-04-03,CLOSE_SHORT,1113.414697,288.075670,-39375.541185,320.747685,-39696.288870,244236.625447,SL Short
33,919,2017-07-08,LONG,2520.270020,95.939823,0.000000,241.794259,-241.794259,243994.831188,Long Entry
34,926,2017-07-15,CLOSE_LONG,2136.060953,95.939823,-36860.949810,204.933309,-37065.883120,206928.948068,SL Long
35,932,2017-07-21,LONG,2838.409912,72.174092,0.000000,204.859659,-204.859659,206724.088410,Long Entry
36,988,2017-09-15,CLOSE_LONG,3166.300049,72.174092,23665.172946,228.524832,23436.648115,230160.736525,Reverse to Short
37,988,2017-09-15,SHORT,3166.300049,71.963846,0.000000,227.859129,-227.859129,229932.877395,Short Entry
38,991,2017-09-18,CLOSE_SHORT,4030.797194,71.963846,-62212.539402,290.071669,-62502.611071,167430.266325,SL Short
39,1071,2017-12-07,LONG,14266.099609,11.618870,0.000000,165.755964,-165.755964,167264.510361,Long Entry
40,1111,2018-01-16,CLOSE_LONG,10218.731373,11.618870,-47025.847336,118.730116,-47144.577452,120119.932909,SL Long
41,1112,2018-01-17,SHORT,11431.099609,10.403088,0.000000,118.918734,-118.918734,120001.014175,Short Entry
42,1294,2018-07-18,CLOSE_SHORT,7315.319824,10.403088,42816.818720,76.101915,42740.716805,162741.730980,Reverse to Long
43,1294,2018-07-18,LONG,7315.319824,22.024234,0.000000,161.114314,-161.114314,162580.616667,Long Entry
44,1315,2018-08-08,CLOSE_LONG,6524.335280,22.024234,-17420.828487,143.693485,-17564.521972,145016.094695,SL Long
45,1344,2018-09-06,SHORT,6755.140137,21.252843,0.000000,143.565934,-143.565934,144872.528761,Short Entry
46,1384,2018-10-16,CLOSE_SHORT,6601.410156,21.252843,3267.199162,140.298735,3126.900427,147999.429188,Reverse to Long
47,1384,2018-10-16,LONG,6601.410156,22.195172,0.000000,146.519435,-146.519435,147852.909753,Long Entry
48,1397,2018-10-29,CLOSE_LONG,6320.652346,22.195172,-6231.467927,140.287967,-6371.755894,141481.153859,SL Long
49,1414,2018-11-15,SHORT,5736.149902,24.418180,0.000000,140.066342,-140.066342,141341.087516,Short Entry
50,1500,2019-02-09,CLOSE_SHORT,3671.585938,24.418180,50412.895054,89.653447,50323.241607,191664.329123,Reverse to Long
51,1500,2019-02-09,LONG,3671.585938,51.680034,0.000000,189.747686,-189.747686,191474.581438,Long Entry
52,1728,2019-09-25,CLOSE_LONG,8603.428711,51.680034,254877.801876,444.625488,254433.176388,445907.757826,Reverse to Short
53,1728,2019-09-25,SHORT,8603.428711,51.310785,0.000000,441.448680,-441.448680,445466.309145,Short Entry
54,1759,2019-10-26,CLOSE_SHORT,8667.577148,51.310785,-3291.506680,444.740187,-3736.246867,441730.062278,Reverse to Long
55,1759,2019-10-26,LONG,8667.577148,50.453864,0.000000,437.312762,-437.312762,441292.749517,Long Entry
56,1785,2019-11-21,CLOSE_LONG,7949.329725,50.453864,-36238.358069,401.074404,-36639.432472,404653.317044,SL Long
57,1813,2019-12-19,LONG,7277.590820,55.046621,0.000000,400.606784,-400.606784,404252.710260,Long Entry
58,1883,2020-02-27,CLOSE_LONG,8825.093750,55.046621,85184.807308,485.791591,84699.015717,488951.725978,Reverse to Short
59,1883,2020-02-27,SHORT,8825.093750,54.850659,0.000000,484.062209,-484.062209,488467.663769,Short Entry
60,1946,2020-04-30,CLOSE_SHORT,8797.669922,54.850659,1504.215047,482.557994,1021.657054,489489.320823,Reverse to Long
61,1946,2020-04-30,LONG,8797.669922,55.082133,0.000000,484.594428,-484.594428,489004.726395,Long Entry
62,2072,2020-09-03,CLOSE_LONG,11407.191406,55.082133,143738.010325,628.332438,143109.677887,632114.404282,Reverse to Short
63,2072,2020-09-03,SHORT,11407.191406,54.859539,0.000000,625.793260,-625.793260,631488.611022,Short Entry
64,2120,2020-10-21,CLOSE_SHORT,12262.685507,54.859539,-46932.011860,672.725272,-47604.737133,583883.873890,SL Short
65,2121,2020-10-22,LONG,12801.635742,45.153998,0.000000,578.045035,-578.045035,583305.828854,Long Entry
66,2300,2021-04-19,CLOSE_LONG,56191.585938,45.153998,1959229.725868,2537.274761,1956692.451107,2539998.279962,Reverse to Short
67,2300,2021-04-19,SHORT,56191.585938,44.750442,0.000000,2514.598297,-2514.598297,2537483.681665,Short Entry
68,2399,2021-07-27,CLOSE_SHORT,37276.035156,44.750442,846479.254693,1668.119042,844811.135651,3382294.817316,Reverse to Long
69,2399,2021-07-27,LONG,37276.035156,89.829078,0.000000,3348.471869,-3348.471869,3378946.345446,Long Entry
70,2442,2021-09-08,CLOSE_LONG,46827.761719,89.829078,858022.790305,4206.494659,853816.295646,4232762.641092,Reverse to Short
71,2442,2021-09-08,SHORT,46827.761719,89.486127,0.000000,4190.435015,-4190.435015,4228572.206077,Short Entry
72,2466,2021-10-02,CLOSE_SHORT,48137.468750,89.486127,-117200.609239,4307.635624,-121508.244863,4107063.961215,Reverse to Long
73,2466,2021-10-02,LONG,48137.468750,84.466288,0.000000,4065.993322,-4065.993322,4102997.967893,Long Entry
74,2530,2021-12-05,CLOSE_LONG,49201.519531,84.466288,89876.420235,4155.869742,85720.550493,4188718.518386,Reverse to Short
75,2530,2021-12-05,SHORT,49201.519531,84.282587,0.000000,4146.831333,-4146.831333,4184571.687053,Short Entry
76,2616,2022-03-01,CLOSE_SHORT,43194.503906,84.282587,506286.814922,3640.544518,502646.270403,4687217.957456,Reverse to Long
77,2616,2022-03-01,LONG,43194.503906,107.429079,0.000000,4640.345778,-4640.345778,4682577.611678,Long Entry
78,2622,2022-03-07,CLOSE_LONG,37830.993088,107.429079,-576197.028126,4064.148750,-580261.176876,4102316.434802,SL Long
79,2682,2022-05-06,SHORT,36573.183594,111.045659,0.000000,4061.293270,-4061.293270,4098255.141531,Short Entry
80,2756,2022-07-19,CLOSE_SHORT,22467.849609,111.045659,1566336.106383,2494.957164,1563841.149218,5662096.290750,Reverse to Long
81,2756,2022-07-19,LONG,22467.849609,249.488733,0.000000,5605.475328,-5605.475328,5656490.815422,Long Entry
82,2788,2022-08-20,CLOSE_LONG,20872.841797,249.488733,-397936.477951,5207.538850,-403144.016801,5253346.798621,Reverse to Short
83,2788,2022-08-20,SHORT,20872.841797,249.166519,0.000000,5200.813331,-5200.813331,5248145.985291,Short Entry
84,2809,2022-09-10,CLOSE_SHORT,21376.912109,249.166519,-125597.445060,5326.410776,-130923.855836,5117222.129455,Reverse to Long
85,2809,2022-09-10,LONG,21376.912109,236.986983,0.000000,5066.049908,-5066.049908,5112156.079547,Long Entry
86,2813,2022-09-14,CLOSE_LONG,20184.554688,236.986983,-282573.188152,4783.476720,-287356.664872,4824799.414675,Reverse to Short
87,2813,2022-09-14,SHORT,20184.554688,236.643884,0.000000,4776.551421,-4776.551421,4820022.863255,Short Entry
88,2904,2022-12-14,CLOSE_SHORT,17782.066406,236.643884,568534.158433,4208.017262,564326.141171,5384349.004426,Reverse to Long
89,2904,2022-12-14,LONG,17782.066406,299.768620,0.000000,5330.505514,-5330.505514,5379018.498911,Long Entry
90,2906,2022-12-16,CLOSE_LONG,16601.512073,299.768620,-353893.143666,4976.612371,-358869.756037,5020148.742874,SL Long
91,2934,2023-01-13,LONG,18868.906250,263.393500,0.000000,4969.947255,-4969.947255,5015178.795619,Long Entry
92,3078,2023-06-06,CLOSE_LONG,25732.109375,263.393500,1807723.091245,6777.670347,1800945.420898,6816124.216517,Reverse to Short
93,3078,2023-06-06,SHORT,25732.109375,262.239013,0.000000,6747.962974,-6747.962974,6809376.253543,Short Entry
94,3079,2023-06-07,CLOSE_SHORT,27235.650391,262.239013,-394287.112494,7142.250087,-401429.362581,6407946.890962,Reverse to Long
95,3079,2023-06-07,LONG,27235.650391,232.925131,0.000000,6343.867422,-6343.867422,6401603.023539,Long Entry
96,3086,2023-06-14,CLOSE_LONG,25207.340539,232.925131,-472444.337030,5871.423085,-478315.760115,5923287.263424,SL Long
97,3093,2023-06-21,LONG,28311.310547,207.127621,0.000000,5864.054391,-5864.054391,5917423.209034,Long Entry
98,3117,2023-07-15,CLOSE_LONG,30331.783203,207.127621,418495.693858,6282.550085,412213.143774,6329636.352807,Reverse to Short
99,3117,2023-07-15,SHORT,30331.783203,206.593195,0.000000,6266.339989,-6266.339989,6323370.012818,Short Entry
100,3142,2023-08-09,CLOSE_SHORT,29766.695312,206.593195,116743.312543,6149.596677,110593.715867,6433963.728685,Reverse to Long
101,3142,2023-08-09,LONG,29766.695312,213.984926,0.000000,6369.624091,-6369.624091,6427594.104593,Long Entry
102,3150,2023-08-17,CLOSE_LONG,28036.172994,213.984926,-370305.690210,5999.318401,-376305.008611,6051289.095982,SL Long
103,3151,2023-08-18,SHORT,26636.078125,224.912098,0.000000,5990.776205,-5990.776205,6045298.319777,Short Entry
104,3196,2023-10-02,CLOSE_SHORT,28197.588230,224.912098,-351202.513365,6341.978718,-357544.492084,5687753.827693,SL Short
105,3211,2023-10-17,LONG,28522.097656,197.421535,0.000000,5630.876289,-5630.876289,5682122.951404,Long Entry
106,3242,2023-11-17,CLOSE_LONG,36164.824219,197.421535,1508838.806526,7139.715096,1501699.091430,7183822.042834,Reverse to Short
107,3242,2023-11-17,SHORT,36164.824219,196.654732,0.000000,7111.983822,-7111.983822,7176710.059012,Short Entry
108,3248,2023-11-23,CLOSE_SHORT,37420.433594,196.654732,-246921.525410,7358.905348,-254280.430757,6922429.628254,Reverse to Long
109,3248,2023-11-23,LONG,37420.433594,183.140725,0.000000,6853.205332,-6853.205332,6915576.422922,Long Entry
110,3290,2024-01-04,CLOSE_LONG,42855.816406,183.140725,995439.948033,7848.645280,987591.302753,7903167.725675,Reverse to Short
111,3290,2024-01-04,SHORT,42855.816406,182.568825,0.000000,7824.136048,-7824.136048,7895343.589627,Short Entry
112,3294,2024-01-08,CLOSE_SHORT,47165.970839,182.568825,-786899.830578,8611.035879,-795510.866457,7099832.723170,SL Short
113,3295,2024-01-09,LONG,46987.640625,149.589005,0.000000,7028.834396,-7028.834396,7092803.888774,Long Entry
114,3299,2024-01-13,CLOSE_LONG,42799.445312,149.589005,-626507.968433,6402.326428,-632910.294860,6459893.593914,Reverse to Short
115,3299,2024-01-13,SHORT,42799.445312,149.424709,0.000000,6395.294658,-6395.294658,6453498.299256,Short Entry
116,3326,2024-02-09,CLOSE_SHORT,46357.880760,149.424709,-531718.181032,6927.012839,-538645.193871,5914853.105385,SL Short
117,3346,2024-02-29,LONG,62499.183594,93.692497,0.000000,5855.704574,-5855.704574,5908997.400811,Long Entry
118,3391,2024-04-14,CLOSE_LONG,63836.230469,93.692497,125271.260388,5980.975835,119290.284554,6028287.685364,Reverse to Short
119,3391,2024-04-14,SHORT,63836.230469,93.489305,0.000000,5968.004809,-5968.004809,6022319.680556,Short Entry
120,3423,2024-05-16,CLOSE_SHORT,66256.109375,93.489305,-226232.796681,6194.237605,-232427.034286,5789892.646270,Reverse to Long
121,3423,2024-05-16,LONG,66256.109375,86.512682,0.000000,5731.993720,-5731.993720,5784160.652550,Long Entry
122,3450,2024-06-12,CLOSE_LONG,67321.375000,86.512682,92158.986243,5824.152706,86334.833537,5870495.486087,Reverse to Short
123,3450,2024-06-12,SHORT,67321.375000,86.329053,0.000000,5811.790531,-5811.790531,5864683.695556,Short Entry
124,3589,2024-10-29,CLOSE_SHORT,72587.000877,86.329053,-454576.493947,6266.367025,-460842.860973,5403840.834583,SL Short
125,3598,2024-11-07,LONG,75637.085938,70.729885,0.000000,5349.802426,-5349.802426,5398491.032157,Long Entry
126,3627,2024-12-06,CLOSE_LONG,97074.226562,70.729885,1516246.501379,6866.048928,1509380.452451,6907871.484608,Reverse to Short
127,3627,2024-12-06,SHORT,97074.226562,70.449109,0.000000,6838.792770,-6838.792770,6901032.691839,Short Entry
128,3637,2024-12-16,CLOSE_SHORT,106843.737349,70.449109,-688253.330408,7527.046100,-695780.376509,6205252.315330,SL Short
129,3708,2025-02-25,SHORT,91437.117188,67.184968,0.000000,6143.199792,-6143.199792,6199109.115538,Short Entry
130,3752,2025-04-10,CLOSE_SHORT,82565.976562,67.184968,596007.299007,5547.192493,590460.106513,6789569.222051,Reverse to Long
131,3752,2025-04-10,LONG,82565.976562,81.409726,0.000000,6721.673530,-6721.673530,6782847.548521,Long Entry
132,3879,2025-08-15,CLOSE_LONG,118365.781250,81.409726,2914452.290877,9636.125821,2904816.165056,9687663.713578,Reverse to Short
133,3879,2025-08-15,SHORT,118365.781250,81.026687,0.000000,9590.787076,-9590.787076,9678072.926501,Short Entry
134,3883,2025-08-19,CLOSE_SHORT,112831.179688,81.026687,448450.426959,9142.336649,439308.090309,10117381.016811,End of backtest
